[ 1.          1.          1.          1.          1.          1.          1.
  1.          1.          1.          1.          1.          1.          1.
  1.          1.          0.83333333  1.          0.83333333  1.          1.
  1.          0.83333333  1.          1.          1.          1.          1.
  1.          0.83333333  1.          1.          1.          1.          1.
  1.          1.          1.          1.          1.          1.          1.
  1.          1.          1.          1.          1.          1.          1.
  1.          0.83333333  1.          1.          1.          1.          1.
  1.          1.          1.          1.          1.          1.          1.
  1.          1.          0.83333333  1.          1.          1.          1.
  0.83333333  1.          1.          1.          0.83333333  1.          1.
  1.          1.          1.          1.          1.          1.          1.
  1.          1.          1.          1.          1.          1.          1.
  1.          1.          1.          1.          1.          1.          1.
  1.          1.        ]