[ 1.          1.          1.          1.          1.          1.          1.
  1.          1.          1.          1.          1.          1.          1.
  1.          1.          1.          1.          0.88888889  1.          1.
  1.          1.          1.          1.          1.          1.          1.
  1.          1.          0.88888889  1.          1.          1.          1.
  1.          1.          1.          1.          0.88888889  1.          1.
  1.          1.          1.          1.          1.          1.          1.
  0.88888889  1.          1.          1.          1.          1.          1.
  0.88888889  1.          1.          1.          1.          1.          1.
  1.          1.          1.          1.          1.          0.88888889
  1.          1.          1.          1.          1.          1.          1.
  1.          1.          1.          1.          1.          1.          1.
  1.          1.          1.          1.          0.88888889  1.          1.
  1.          1.          1.          1.          1.          1.          1.
  1.          1.          1.        ]
